FT37	1	0	0	0	0
WBDC_100	1	0	0	0	0
WBDC_294	1	0	0	0	0
WBDC_260	1	0	0	0	0
WBDC_290	1	0	0	0	0
WBDC_267	1	0	0	0	0
WBDC_034	1	0	0	0	0
FT67	1	0	0	0	0
WBDC_270	1	0	0	0	0
WBDC_293	1	0	0	0	0
WBDC_291	1	0	0	0	0
WBDC_033	1	0	0	0	0
WBDC_035	1	0	0	0	0
WBDC_278	1	0	0	0	0
WBDC_101	1	0	0	0	0
WBDC_038	1	0	0	0	0
WBDC_185	1	0	0	0	0
WBDC_074	1	0	0	0	0
WBDC_042	1	0	0	0	0
WBDC_048	1	0	0	0	0
WBDC_252	1	0	0	0	0
WBDC_283	1	0	0	0	0
WBDC_083	1	0	0	0	0
WBDC_266	0.9942	0	0	0.0058	0
WBDC_032	0.9927	0	0	0.0072	0
FT627	0.9802	0	0	0.0198	0
FT18	0.9797	0	0	0	0.0203
WBDC_180	0.9765	0	0	0	0.0235
WBDC_181	0.975	0	0	0.025	0
HOR_9476	0.9732	0.0158	0	0	0.0109
WBDC_082	0.973	0	0	0	0.027
WBDC_256	0.9584	0	0	0	0.0416
FT64	0.9511	0	0	0	0.0489
WBDC_242	0.945	0	0	0	0.055
HOR_1647	0.9425	0.0575	0	0	0
WBDC_265	0.9188	0	0	0	0.0811
WBDC_079	0.9159	0	0	0	0.0841
WBDC_104	0.9071	0.0039	0	0	0.0889
WBDC_243	0.8905	0.0233	0	0	0.0862
WBDC_292	0.8875	0.1125	0	0	0
WBDC_234	0.865	0.0732	0	0	0.0617
WBDC_070	0	1	0	0	0
WBDC_171	0	1	0	0	0
WBDC_303	0	1	0	0	0
WBDC_306	0	1	0	0	0
WBDC_143	0	1	0	0	0
WBDC_128	0	1	0	0	0
WBDC_170	0	1	0	0	0
WBDC_304	0	1	0	0	0
WBDC_140	0	1	0	0	0
WBDC_305	0	1	0	0	0
WBDC_061	0	1	0	0	0
WBDC_064	0	1	0	0	0
WBDC_062	0	1	0	0	0
WBDC_202	0	1	0	0	0
WBDC_004	0	1	0	0	0
WBDC_055	0	1	0	0	0
WBDC_001	0	1	0	0	0
WBDC_009	0	0.997	0	0.003	0
WBDC_203	0	0.9948	0	0.0052	0
WBDC_299	0	0.9912	0	0.0087	0
WBDC_063	0	0.9557	0	0.0443	0
WBDC_106	0.015	0.9551	0.0298	0	0
WBDC_314	0	0.9425	0	0.0575	0
FT590	0	0.9327	0.0301	0.0371	0
WBDC_300	0	0.9192	0.0472	0.0335	0
WBDC_107	0	0.9066	0.0083	0.0851	0
WBDC_169	0.0956	0.9044	0	0	0
WBDC_199	0	0.8881	0.0355	0.0764	0
WBDC_145	0	0.8732	0.1268	0	0
WBDC_196	0	0.8711	0	0.1289	0
WBDC_342	0	0.868	0	0.132	0
WBDC_142	0.0719	0.8576	0	0.0705	0
WBDC_005	0	0	1	0	0
WBDC_007	0	0	1	0	0
WBDC_046	0	0	1	0	0
WBDC_097	0	0	1	0	0
WBDC_129	0	0	1	0	0
WBDC_195	0	0	1	0	0
WBDC_206	0	0	1	0	0
WBDC_236	0	0	1	0	0
WBDC_237	0	0	1	0	0
WBDC_245	0	0	1	0	0
WBDC_258	0	0	1	0	0
WBDC_285	0	0	1	0	0
WBDC_308	0	0	1	0	0
WBDC_319	0	0	1	0	0
WBDC_127	0	0	1	0	0
WBDC_320	0	0	1	0	0
WBDC_240	0.0452	0	0.9547	0	0
WBDC_112	0	0.0553	0.9447	0	0
FT507	0	0	0	1	0
WBDC_056	0	0	0	1	0
WBDC_078	0	0	0	1	0
WBDC_155	0	0	0	1	0
WBDC_157	0	0	0	1	0
WBDC_161	0	0	0	1	0
WBDC_164	0	0	0	1	0
WBDC_167	0	0	0	1	0
WBDC_168	0	0	0	1	0
WBDC_178	0	0	0	1	0
WBDC_191	0	0	0	1	0
WBDC_200	0	0	0	1	0
WBDC_295	0	0	0	1	0
WBDC_297	0	0	0	1	0
WBDC_298	0	0	0	1	0
WBDC_187	0	0.024	0	0.976	0
WBDC_177	0	0	0	0.9335	0.0664
WBDC_186	0	0.0912	0	0.9088	0
WBDC_189	0	0	0	0.89	0.11
WBDC_248	0	0.0846	0.0359	0.8795	0
WBDC_296	0	0.0964	0.0414	0.8621	0
WBDC_317	0	0.097	0.041	0.862	0
WBDC_117	0	0	0	0	1
WBDC_201	0	0	0	0	1
WBDC_208	0	0	0	0	1
WBDC_212	0	0	0	0	1
WBDC_220	0	0	0	0	1
WBDC_223	0	0	0	0	1
WBDC_330	0	0	0	0	1
WBDC_332	0	0	0	0	1
WBDC_346	0	0	0	0	1
WBDC_347	0	0	0	0	1
WBDC_224	0	0	0	0	1
WBDC_026	0	0	0	0	1
WBDC_209	0	0	0	0	1
WBDC_125	0	0	0	0	1
WBDC_216	0	0	0	0	1
WBDC_036	0	0	0	0	1
WBDC_120	0	0	0	0	1
WBDC_012	0	0	0	0	1
WBDC_221	0	0	0	0	1
WBDC_233	0	0	0	0	1
WBDC_331	0	0	0	0	1
WBDC_323	0	0	0	0	1
WBDC_152	0	0	0	0.0043	0.9956
WBDC_211	0.0072	0	0	0	0.9928
WBDC_219	0	0	0	0.0094	0.9906
WBDC_207	0.022	0	0	0	0.9779
WBDC_345	0	0	0	0.0452	0.9547
WBDC_329	0.0531	0	0	0	0.9469
WBDC_025	0	0	0	0.0568	0.9431
WBDC_335	0	0	0	0.0629	0.9371
WBDC_015	0	0	0	0.0699	0.93
WBDC_355	0	0	0	0.0815	0.9185
WBDC_210	0.0169	0	0	0.0692	0.9138
WBDC_014	0	0	0	0.1089	0.891
WBDC_213	0.1313	0	0	0	0.8687
WBDC_119	0.1385	0	0	0	0.8615
WBDC_276	0.8481	0.1023	0.0496	0	0
WBDC_052	0.8241	0.1492	0	0.0002	0.0265
WBDC_284	0.7588	0.0484	0.0405	0.1522	0
WBDC_244	0.7387	0.1386	0	0	0.1227
WBDC_028	0.715	0.2712	0.0138	0	0
HOR_22109	0.6639	0.2753	0.0608	0	0
WBDC_030	0.652	0.283	0.065	0	0
WBDC_089	0.6508	0.1766	0.1726	0	0
WBDC_286	0.6353	0.2265	0.0513	0.0734	0.0134
WBDC_126	0.6315	0.2492	0.1194	0	0
WBDC_138	0.6106	0.3894	0	0	0
FT219	0.5802	0.4198	0	0	0
WBDC_269	0.5801	0.4198	0	0	0
WBDC_349	0.559	0.3709	0.0701	0	0
WBDC_348	0.5449	0.3583	0.0967	0	0
WBDC_255	0.5197	0.3628	0.1175	0	0
WBDC_274	0.5103	0.3378	0.1429	0.009	0
WBDC_354	0.4849	0.3518	0.1577	0	0.0056
WBDC_253	0.4836	0.4398	0.0765	0	0
WBDC_312	0.4785	0.2566	0.0061	0.165	0.0938
WBDC_179	0.4785	0.4779	0.0436	0	0
WBDC_277	0.4779	0.4789	0.0431	0	0
WBDC_022	0.4616	0.4674	0.0709	0	0
HOR_12568	0.4502	0.2702	0.1163	0.1633	0
WBDC_198	0.1395	0.8463	0	0.0141	0
WBDC_133	0.1883	0.8117	0	0	0
WBDC_194	0	0.8054	0.0518	0.1428	0
WBDC_254	0.0234	0.8045	0.1721	0	0
WBDC_250	0	0.8016	0.1984	0	0
WBDC_105	0	0.7907	0.206	0	0.0033
WBDC_134	0.2119	0.7881	0	0	0
WBDC_246	0	0.7746	0.2253	0	0
WBDC_193	0	0.774	0	0.226	0
FT630	0	0.7571	0.2428	0	0
WBDC_340	0	0.7532	0	0.1671	0.0796
WBDC_338	0	0.7302	0	0.2506	0.0192
WBDC_183	0.0567	0.7227	0.2206	0	0
WBDC_008	0.0664	0.7055	0.228	0	0
FT276	0.137	0.7052	0.1578	0	0
FT731	0	0.7004	0	0.1428	0.1568
FT670	0	0.697	0	0.2839	0.0191
WBDC_341	0	0.6829	0	0.3073	0.0097
WBDC_281	0.1179	0.666	0.2101	0.006	0
WBDC_002	0.2163	0.661	0	0.093	0.0296
WBDC_302	0.089	0.6568	0.2001	0.0345	0.0196
WBDC_132	0.2813	0.6518	0.067	0	0
WBDC_343	0.0628	0.6392	0	0.298	0
WBDC_197	0	0.635	0	0.2553	0.1097
WBDC_017	0.0958	0.6296	0.2746	0	0
WBDC_315	0.1859	0.5972	0	0.1697	0.0473
WBDC_054	0.2815	0.5951	0.1099	0	0.0135
WBDC_043	0.2887	0.5716	0.1397	0	0
WBDC_081	0.3917	0.5655	0.0427	0	0
WBDC_080	0.3919	0.5652	0.0428	0	0
WBDC_271	0.2234	0.563	0.2135	0	0
WBDC_309	0.22	0.519	0	0.1534	0.1075
WBDC_040	0.4114	0.5175	0.0711	0	0
WBDC_247	0.4444	0.5151	0.0404	0	0
FT581	0	0.4785	0	0.5125	0.009
FT734	0	0.4771	0.0319	0.3662	0.1248
WBDC_109	0	0.1668	0.8332	0	0
WBDC_006	0.0252	0.1496	0.8252	0	0
WBDC_160	0	0.1876	0.8124	0	0
WBDC_110	0	0.1962	0.7971	0	0.0067
WBDC_318	0	0.2226	0.7774	0	0
WBDC_130	0	0.2417	0.7582	0	0
WBDC_068	0	0.3128	0.6872	0	0
WBDC_159	0.0335	0.2872	0.6761	0.0032	0
WBDC_139	0.005	0.4573	0.5377	0	0
FT582	0	0.1184	0.0573	0.8243	0
WBDC_188	0	0.1883	0	0.8116	0
WBDC_010	0	0	0	0.787	0.2129
WBDC_146	0.0802	0.0884	0	0.7517	0.0796
WBDC_148	0.0478	0.1294	0	0.745	0.0778
WBDC_149	0.0741	0.1046	0	0.7361	0.0853
WBDC_147	0.0645	0.1332	0	0.7335	0.0688
FT660	0.0736	0.1037	0	0.7232	0.0995
WBDC_023	0.0726	0	0	0.6817	0.2457
WBDC_051	0	0	0	0.6573	0.3426
WBDC_307	0	0.0241	0.3519	0.6148	0.0093
WBDC_165	0	0.3553	0	0.6112	0.0335
WBDC_057	0	0.0531	0	0.5412	0.4056
WBDC_093	0	0.053	0	0.5406	0.4064
WBDC_268	0	0.0541	0	0.5404	0.4055
WBDC_287	0.1711	0	0	0.5053	0.3236
FT878	0.1599	0	0	0.505	0.3351
WBDC_337	0	0.4527	0.0196	0.4974	0.0304
WBDC_150	0.183	0.2447	0	0.4781	0.0941
FT746	0.0638	0.4612	0	0.4672	0.0078
WBDC_153	0.2498	0	0	0.46	0.2902
WBDC_192	0.0443	0.3403	0	0.4423	0.1731
WBDC_122	0.2911	0.0878	0	0.3741	0.247
WBDC_013	0.2879	0	0	0.3539	0.3582
WBDC_011	0.2692	0.226	0.0259	0.3492	0.1296
WBDC_049	0.231	0.3356	0	0.3346	0.0987
HOR_2690	0.1182	0	0	0.3269	0.5549
WBDC_156	0.2429	0.3737	0	0.3014	0.0821
WBDC_123	0.1785	0	0	0	0.8215
WBDC_085	0.2678	0	0.0065	0.1182	0.6075
FT262	0.2809	0.271	0	0.1924	0.2557
WBDC_019	0.4059	0.4017	0.1876	0.0048	0
WBDC_137	0.3253	0.2858	0.3888	0	0
